#Sau khi tron:

7 31 93 263 508 731 802 929 
7 32 47 98 172 277 656 707 
7 32 91 335 699 716 891 904 
7 35 318 382 439 695 824 951 
7 36 393 679 744 758 850 934 
7 39 99 262 336 797 886 914 
7 98 127 279 633 815 906 914 
7 106 134 495 654 680 722 780 
7 106 145 263 409 439 595 980 
7 119 163 277 499 656 680 755 
7 119 212 297 319 425 603 712 
7 142 422 656 793 801 916 960 
7 158 486 547 958 958 965 971 
7 170 175 226 231 302 471 845 
7 186 248 312 431 436 905 924 
7 187 446 490 647 710 766 796 
7 209 301 551 588 623 876 940 
7 231 390 396 489 625 680 988 
7 237 405 489 522 547 579 964 
7 481 502 610 618 745 860 905 
